TESTE AAAAAAAAAAAAAAA 
 
2069600.00 2070380.00 2071160.00 2071940.00 2072720.00 2073500.00 2074280.00 2075060.00 2075840.00 2076620.00 2077400.00 2078180.00 2078960.00 2079740.00 2080520.00 2081300.00 2082080.00 2082860.00 2083640.00 2084420.00 2085200.00 2085980.00 2086760.00 2087540.00 2088320.00 2089100.00 2089880.00 2090660.00 2091440.00 2092220.00 2093000.00 2093780.00 2094560.00 2095340.00 2096120.00 2096900.00 2097680.00 2098460.00 2099240.00 2100020.00 
5877600.00 5879980.00 5882360.00 5884740.00 5887120.00 5889500.00 5891880.00 5894260.00 5896640.00 5899020.00 5901400.00 5903780.00 5906160.00 5908540.00 5910920.00 5913300.00 5915680.00 5918060.00 5920440.00 5922820.00 5925200.00 5927580.00 5929960.00 5932340.00 5934720.00 5937100.00 5939480.00 5941860.00 5944240.00 5946620.00 5949000.00 5951380.00 5953760.00 5956140.00 5958520.00 5960900.00 5963280.00 5965660.00 5968040.00 5970420.00 
9685600.00 9689580.00 9693560.00 9697540.00 9701520.00 9705500.00 9709480.00 9713460.00 9717440.00 9721420.00 9725400.00 9729380.00 9733360.00 9737340.00 9741320.00 9745300.00 9749280.00 9753260.00 9757240.00 9761220.00 9765200.00 9769180.00 9773160.00 9777140.00 9781120.00 9785100.00 9789080.00 9793060.00 9797040.00 9801020.00 9805000.00 9808980.00 9812960.00 9816940.00 9820920.00 9824900.00 9828880.00 9832860.00 9836840.00 9840820.00 
13493600.00 13499180.00 13504760.00 13510340.00 13515920.00 13521500.00 13527080.00 13532660.00 13538240.00 13543820.00 13549400.00 13554980.00 13560560.00 13566140.00 13571720.00 13577300.00 13582880.00 13588460.00 13594040.00 13599620.00 13605200.00 13610780.00 13616360.00 13621940.00 13627520.00 13633100.00 13638680.00 13644260.00 13649840.00 13655420.00 13661000.00 13666580.00 13672160.00 13677740.00 13683320.00 13688900.00 13694480.00 13700060.00 13705640.00 13711220.00 
17301600.00 17308780.00 17315960.00 17323140.00 17330320.00 17337500.00 17344680.00 17351860.00 17359040.00 17366220.00 17373400.00 17380580.00 17387760.00 17394940.00 17402120.00 17409300.00 17416480.00 17423660.00 17430840.00 17438020.00 17445200.00 17452380.00 17459560.00 17466740.00 17473920.00 17481100.00 17488280.00 17495460.00 17502640.00 17509820.00 17517000.00 17524180.00 17531360.00 17538540.00 17545720.00 17552900.00 17560080.00 17567260.00 17574440.00 17581620.00 
21109600.00 21118380.00 21127160.00 21135944.00 21144720.00 21153496.00 21162280.00 21171064.00 21179840.00 21188616.00 21197400.00 21206184.00 21214960.00 21223736.00 21232520.00 21241304.00 21250080.00 21258856.00 21267640.00 21276424.00 21285200.00 21293976.00 21302760.00 21311544.00 21320320.00 21329096.00 21337880.00 21346664.00 21355440.00 21364216.00 21373000.00 21381784.00 21390560.00 21399336.00 21408120.00 21416904.00 21425680.00 21434456.00 21443240.00 21452024.00 
24917600.00 24927976.00 24938360.00 24948744.00 24959120.00 24969496.00 24979880.00 24990264.00 25000640.00 25011016.00 25021400.00 25031784.00 25042160.00 25052536.00 25062920.00 25073304.00 25083680.00 25094056.00 25104440.00 25114824.00 25125200.00 25135576.00 25145960.00 25156344.00 25166720.00 25177096.00 25187480.00 25197864.00 25208240.00 25218616.00 25229000.00 25239384.00 25249760.00 25260136.00 25270520.00 25280904.00 25291280.00 25301656.00 25312040.00 25322424.00 
28725600.00 28737576.00 28749560.00 28761544.00 28773520.00 28785496.00 28797480.00 28809464.00 28821440.00 28833416.00 28845400.00 28857384.00 28869360.00 28881336.00 28893320.00 28905304.00 28917280.00 28929256.00 28941240.00 28953224.00 28965200.00 28977176.00 28989160.00 29001144.00 29013120.00 29025096.00 29037080.00 29049064.00 29061040.00 29073016.00 29085000.00 29096984.00 29108960.00 29120936.00 29132920.00 29144904.00 29156880.00 29168856.00 29180840.00 29192824.00 
32533600.00 32547172.00 32560760.00 32574348.00 32587920.00 32601492.00 32615080.00 32628668.00 32642240.00 32655812.00 32669400.00 32682988.00 32696560.00 32710132.00 32723720.00 32737308.00 32750880.00 32764452.00 32778040.00 32791628.00 32805200.00 32818772.00 32832360.00 32845948.00 32859520.00 32873092.00 32886680.00 32900268.00 32913840.00 32927412.00 32941000.00 32954588.00 32968160.00 32981732.00 32995320.00 33008908.00 33022480.00 33036052.00 33049640.00 33063228.00 
36341600.00 36356776.00 36371960.00 36387148.00 36402320.00 36417492.00 36432680.00 36447864.00 36463040.00 36478216.00 36493400.00 36508588.00 36523760.00 36538932.00 36554120.00 36569304.00 36584480.00 36599656.00 36614840.00 36630028.00 36645200.00 36660372.00 36675560.00 36690744.00 36705920.00 36721096.00 36736280.00 36751468.00 36766640.00 36781812.00 36797000.00 36812184.00 36827360.00 36842536.00 36857720.00 36872908.00 36888080.00 36903252.00 36918440.00 36933624.00 
40149600.00 40166376.00 40183160.00 40199948.00 40216720.00 40233492.00 40250280.00 40267064.00 40283840.00 40300616.00 40317400.00 40334188.00 40350960.00 40367732.00 40384520.00 40401304.00 40418080.00 40434856.00 40451640.00 40468428.00 40485200.00 40501972.00 40518760.00 40535544.00 40552320.00 40569096.00 40585880.00 40602668.00 40619440.00 40636212.00 40653000.00 40669784.00 40686560.00 40703336.00 40720120.00 40736908.00 40753680.00 40770452.00 40787240.00 40804024.00 
43957600.00 43975976.00 43994352.00 44012748.00 44031120.00 44049492.00 44067888.00 44086264.00 44104640.00 44123016.00 44141392.00 44159788.00 44178160.00 44196532.00 44214928.00 44233304.00 44251680.00 44270056.00 44288432.00 44306828.00 44325200.00 44343572.00 44361968.00 44380344.00 44398720.00 44417096.00 44435472.00 44453868.00 44472240.00 44490612.00 44509008.00 44527384.00 44545760.00 44564136.00 44582512.00 44600908.00 44619280.00 44637652.00 44656048.00 44674424.00 
47765600.00 47785568.00 47805552.00 47825548.00 47845520.00 47865492.00 47885488.00 47905472.00 47925440.00 47945408.00 47965392.00 47985388.00 48005360.00 48025332.00 48045328.00 48065312.00 48085280.00 48105248.00 48125232.00 48145228.00 48165200.00 48185172.00 48205168.00 48225152.00 48245120.00 48265088.00 48285072.00 48305068.00 48325040.00 48345012.00 48365008.00 48384992.00 48404960.00 48424928.00 48444912.00 48464908.00 48484880.00 48504852.00 48524848.00 48544832.00 
51573600.00 51595168.00 51616752.00 51638348.00 51659920.00 51681492.00 51703088.00 51724672.00 51746240.00 51767808.00 51789392.00 51810988.00 51832560.00 51854132.00 51875728.00 51897312.00 51918880.00 51940448.00 51962032.00 51983628.00 52005200.00 52026772.00 52048368.00 52069952.00 52091520.00 52113088.00 52134672.00 52156268.00 52177840.00 52199412.00 52221008.00 52242592.00 52264160.00 52285728.00 52307312.00 52328908.00 52350480.00 52372052.00 52393648.00 52415232.00 
55381600.00 55404768.00 55427952.00 55451148.00 55474320.00 55497492.00 55520688.00 55543872.00 55567040.00 55590208.00 55613392.00 55636588.00 55659760.00 55682932.00 55706128.00 55729312.00 55752480.00 55775648.00 55798832.00 55822028.00 55845200.00 55868372.00 55891568.00 55914752.00 55937920.00 55961088.00 55984272.00 56007468.00 56030640.00 56053812.00 56077008.00 56100192.00 56123360.00 56146528.00 56169712.00 56192908.00 56216080.00 56239252.00 56262448.00 56285632.00 
59189600.00 59214368.00 59239152.00 59263948.00 59288720.00 59313492.00 59338296.00 59363072.00 59387840.00 59412608.00 59437384.00 59462188.00 59486960.00 59511732.00 59536536.00 59561312.00 59586080.00 59610848.00 59635624.00 59660428.00 59685200.00 59709972.00 59734776.00 59759552.00 59784320.00 59809088.00 59833864.00 59858668.00 59883440.00 59908212.00 59933016.00 59957792.00 59982560.00 60007328.00 60032104.00 60056908.00 60081680.00 60106452.00 60131256.00 60156032.00 
62997600.00 63023968.00 63050344.00 63076748.00 63103120.00 63129492.00 63155896.00 63182272.00 63208640.00 63235008.00 63261384.00 63287788.00 63314160.00 63340532.00 63366936.00 63393312.00 63419680.00 63446048.00 63472424.00 63498828.00 63525200.00 63551572.00 63577976.00 63604352.00 63630720.00 63657088.00 63683464.00 63709868.00 63736240.00 63762612.00 63789016.00 63815392.00 63841760.00 63868128.00 63894504.00 63920908.00 63947280.00 63973652.00 64000056.00 64026432.00 
66805600.00 66833568.00 66861544.00 66889548.00 66917520.00 66945492.00 66973496.00 67001472.00 67029440.00 67057408.00 67085384.00 67113392.00 67141360.00 67169328.00 67197336.00 67225312.00 67253280.00 67281248.00 67309224.00 67337232.00 67365200.00 67393168.00 67421176.00 67449152.00 67477120.00 67505088.00 67533064.00 67561072.00 67589040.00 67617008.00 67645016.00 67672992.00 67700960.00 67728928.00 67756904.00 67784912.00 67812880.00 67840848.00 67868856.00 67896832.00 
70613600.00 70643168.00 70672744.00 70702352.00 70731920.00 70761488.00 70791088.00 70820672.00 70850240.00 70879808.00 70909392.00 70938992.00 70968560.00 70998128.00 71027736.00 71057312.00 71086880.00 71116448.00 71146024.00 71175632.00 71205200.00 71234768.00 71264368.00 71293952.00 71323520.00 71353088.00 71382672.00 71412272.00 71441840.00 71471408.00 71501016.00 71530592.00 71560160.00 71589728.00 71619304.00 71648912.00 71678480.00 71708048.00 71737648.00 71767232.00 
74421600.00 74452776.00 74483944.00 74515144.00 74546320.00 74577496.00 74608688.00 74639864.00 74671040.00 74702216.00 74733392.00 74764592.00 74795760.00 74826928.00 74858136.00 74889304.00 74920480.00 74951656.00 74982824.00 75014032.00 75045200.00 75076368.00 75107568.00 75138744.00 75169920.00 75201096.00 75232272.00 75263472.00 75294640.00 75325808.00 75357016.00 75388184.00 75419360.00 75450536.00 75481704.00 75512912.00 75544080.00 75575248.00 75606448.00 75637624.00 
78229600.00 78262376.00 78295144.00 78327944.00 78360720.00 78393496.00 78426288.00 78459064.00 78491840.00 78524616.00 78557392.00 78590184.00 78622960.00 78655736.00 78688536.00 78721304.00 78754080.00 78786856.00 78819624.00 78852424.00 78885200.00 78917976.00 78950768.00 78983544.00 79016320.00 79049096.00 79081872.00 79114664.00 79147440.00 79180216.00 79213016.00 79245784.00 79278560.00 79311336.00 79344104.00 79376904.00 79409680.00 79442456.00 79475248.00 79508024.00 
82037600.00 82071968.00 82106344.00 82140752.00 82175120.00 82209488.00 82243888.00 82278272.00 82312640.00 82347008.00 82381392.00 82415792.00 82450160.00 82484528.00 82518936.00 82553312.00 82587680.00 82622048.00 82656424.00 82690832.00 82725200.00 82759568.00 82793968.00 82828352.00 82862720.00 82897088.00 82931472.00 82965872.00 83000240.00 83034608.00 83069016.00 83103392.00 83137760.00 83172128.00 83206504.00 83240912.00 83275280.00 83309648.00 83344048.00 83378432.00 
85845600.00 85881576.00 85917544.00 85953544.00 85989536.00 86025496.00 86061488.00 86097464.00 86133440.00 86169416.00 86205392.00 86241384.00 86277344.00 86313336.00 86349336.00 86385304.00 86421280.00 86457256.00 86493224.00 86529224.00 86565216.00 86601176.00 86637168.00 86673144.00 86709120.00 86745096.00 86781072.00 86817064.00 86853024.00 86889016.00 86925016.00 86960984.00 86996960.00 87032936.00 87068904.00 87104904.00 87140896.00 87176856.00 87212848.00 87248824.00 
89653600.00 89691168.00 89728744.00 89766352.00 89803936.00 89841488.00 89879088.00 89916672.00 89954240.00 89991808.00 90029392.00 90066992.00 90104544.00 90142128.00 90179736.00 90217312.00 90254880.00 90292448.00 90330024.00 90367632.00 90405216.00 90442768.00 90480368.00 90517952.00 90555520.00 90593088.00 90630672.00 90668272.00 90705824.00 90743408.00 90781016.00 90818592.00 90856160.00 90893728.00 90931304.00 90968912.00 91006496.00 91044048.00 91081648.00 91119232.00 
93461600.00 93500776.00 93539944.00 93579160.00 93618336.00 93657480.00 93696704.00 93735864.00 93775040.00 93814216.00 93853376.00 93892600.00 93931744.00 93970920.00 94010136.00 94049304.00 94088480.00 94127656.00 94166824.00 94206040.00 94245216.00 94284360.00 94323584.00 94362744.00 94401920.00 94441096.00 94480256.00 94519480.00 94558624.00 94597800.00 94637016.00 94676184.00 94715360.00 94754536.00 94793704.00 94832920.00 94872096.00 94911240.00 94950464.00 94989624.00 
97269600.00 97310368.00 97351144.00 97391952.00 97432736.00 97473488.00 97514304.00 97555072.00 97595840.00 97636608.00 97677376.00 97718192.00 97758944.00 97799728.00 97840536.00 97881312.00 97922080.00 97962848.00 98003624.00 98044432.00 98085216.00 98125968.00 98166784.00 98207536.00 98248320.00 98289104.00 98329856.00 98370672.00 98411424.00 98452208.00 98493016.00 98533776.00 98574560.00 98615344.00 98656104.00 98696912.00 98737696.00 98778448.00 98819264.00 98860016.00 
101077600.00 101119976.00 101162344.00 101204744.00 101247136.00 101289496.00 101331904.00 101374264.00 101416640.00 101459016.00 101501376.00 101543784.00 101586144.00 101628536.00 101670936.00 101713304.00 101755680.00 101798056.00 101840424.00 101882824.00 101925216.00 101967576.00 102009984.00 102052344.00 102094720.00 102137096.00 102179456.00 102221864.00 102264224.00 102306616.00 102349016.00 102391384.00 102433760.00 102476136.00 102518504.00 102560920.00 102603296.00 102645640.00 102688064.00 102730424.00 
104885600.00 104929584.00 104973544.00 105017552.00 105061536.00 105105488.00 105149504.00 105193456.00 105237440.00 105281424.00 105325376.00 105369392.00 105413344.00 105457328.00 105501336.00 105545296.00 105589280.00 105633264.00 105677224.00 105721232.00 105765216.00 105809168.00 105853184.00 105897136.00 105941120.00 105985104.00 106029056.00 106073072.00 106117024.00 106161008.00 106205016.00 106248976.00 106292960.00 106336944.00 106380904.00 106424912.00 106468896.00 106512848.00 106556864.00 106600816.00 
108693600.00 108739176.00 108784744.00 108830360.00 108875936.00 108921480.00 108967104.00 109012664.00 109058240.00 109103816.00 109149376.00 109195000.00 109240544.00 109286120.00 109331736.00 109377304.00 109422880.00 109468456.00 109514024.00 109559640.00 109605216.00 109650760.00 109696384.00 109741944.00 109787520.00 109833096.00 109878656.00 109924280.00 109969824.00 110015400.00 110061016.00 110106584.00 110152160.00 110197736.00 110243304.00 110288920.00 110334496.00 110380040.00 110425664.00 110471224.00 
112501600.00 112548768.00 112595944.00 112643152.00 112690336.00 112737488.00 112784704.00 112831872.00 112879040.00 112926208.00 112973376.00 113020592.00 113067744.00 113114928.00 113162136.00 113209312.00 113256480.00 113303648.00 113350824.00 113398032.00 113445216.00 113492368.00 113539584.00 113586752.00 113633920.00 113681088.00 113728256.00 113775472.00 113822624.00 113869808.00 113917016.00 113964192.00 114011360.00 114058528.00 114105704.00 114152912.00 114200096.00 114247248.00 114294464.00 114341632.00 
116309600.00 116358376.00 116407144.00 116455960.00 116504736.00 116553480.00 116602304.00 116651064.00 116699840.00 116748616.00 116797376.00 116846200.00 116894944.00 116943720.00 116992536.00 117041304.00 117090080.00 117138856.00 117187624.00 117236440.00 117285216.00 117333960.00 117382784.00 117431544.00 117480320.00 117529096.00 117577856.00 117626680.00 117675408.00 117724200.00 117773016.00 117821784.00 117870560.00 117919336.00 117968104.00 118016920.00 118065712.00 118114440.00 118163264.00 118212024.00 
120117600.00 120167968.00 120218344.00 120268752.00 120319152.00 120369488.00 120419904.00 120470272.00 120520640.00 120571008.00 120621376.00 120671792.00 120722128.00 120772528.00 120822936.00 120873312.00 120923680.00 120974048.00 121024424.00 121074832.00 121125232.00 121175568.00 121225984.00 121276352.00 121326720.00 121377088.00 121427456.00 121477872.00 121528208.00 121578608.00 121629016.00 121679392.00 121729760.00 121780128.00 121830504.00 121880912.00 121931312.00 121981648.00 122032064.00 122082432.00 
123925600.00 123977576.00 124029544.00 124081560.00 124133552.00 124185480.00 124237504.00 124289464.00 124341440.00 124393416.00 124445376.00 124497400.00 124549328.00 124601320.00 124653336.00 124705304.00 124757280.00 124809256.00 124861224.00 124913240.00 124965232.00 125017160.00 125069184.00 125121144.00 125173120.00 125225096.00 125277056.00 125329080.00 125381008.00 125433000.00 125485016.00 125536984.00 125588960.00 125640936.00 125692904.00 125744920.00 125796912.00 125848840.00 125900864.00 125952824.00 
127733600.00 127787168.00 127840744.00 127894352.00 127947952.00 128001488.00 128055104.00 128108672.00 128162240.00 128215808.00 128269376.00 128322992.00 128376528.00 128430128.00 128483736.00 128537312.00 128590880.00 128644448.00 128698024.00 128751632.00 128805232.00 128858768.00 128912384.00 128965952.00 129019520.00 129073088.00 129126656.00 129180272.00 129233808.00 129287408.00 129341016.00 129394592.00 129448160.00 129501728.00 129555304.00 129608912.00 129662512.00 129716048.00 129769664.00 129823232.00 
131541600.00 131596776.00 131651944.00 131707160.00 131762352.00 131817480.00 131872704.00 131927864.00 131983040.00 132038216.00 132093376.00 132148600.00 132203728.00 132258920.00 132314136.00 132369304.00 132424480.00 132479656.00 132534824.00 132590040.00 132645232.00 132700360.00 132755584.00 132810744.00 132865920.00 132921096.00 132976256.00 133031480.00 133086608.00 133141800.00 133197016.00 133252184.00 133307360.00 133362536.00 133417704.00 133472920.00 133528112.00 133583240.00 133638464.00 133693624.00 
135349600.00 135406368.00 135463136.00 135519952.00 135576752.00 135633488.00 135690304.00 135747072.00 135803840.00 135860608.00 135917376.00 135974192.00 136030928.00 136087728.00 136144544.00 136201312.00 136258080.00 136314848.00 136371616.00 136428432.00 136485232.00 136541968.00 136598784.00 136655552.00 136712320.00 136769088.00 136825856.00 136882672.00 136939408.00 136996208.00 137053024.00 137109792.00 137166560.00 137223328.00 137280096.00 137336912.00 137393712.00 137450448.00 137507264.00 137564032.00 
139157600.00 139215968.00 139274336.00 139332768.00 139391136.00 139449488.00 139507904.00 139566272.00 139624640.00 139683008.00 139741376.00 139799792.00 139858144.00 139916512.00 139974944.00 140033312.00 140091680.00 140150048.00 140208416.00 140266848.00 140325232.00 140383568.00 140441984.00 140500352.00 140558720.00 140617088.00 140675456.00 140733872.00 140792208.00 140850592.00 140909024.00 140967392.00 141025760.00 141084128.00 141142496.00 141200928.00 141259296.00 141317648.00 141376064.00 141434432.00 
142965600.00 143025552.00 143085536.00 143145552.00 143205536.00 143265488.00 143325504.00 143385472.00 143445440.00 143505408.00 143565376.00 143625392.00 143685344.00 143745328.00 143805328.00 143865328.00 143925280.00 143985232.00 144045232.00 144105232.00 144165232.00 144225168.00 144285168.00 144345152.00 144405120.00 144465088.00 144525072.00 144585072.00 144645008.00 144705008.00 144765008.00 144824992.00 144884960.00 144944928.00 145004912.00 145064912.00 145124896.00 145184848.00 145244848.00 145304816.00 
146773600.00 146835168.00 146896752.00 146958336.00 147019936.00 147081504.00 147143088.00 147204688.00 147266240.00 147327792.00 147389392.00 147450976.00 147512544.00 147574144.00 147635728.00 147697312.00 147758880.00 147820448.00 147882032.00 147943616.00 148005232.00 148066784.00 148128368.00 148189968.00 148251520.00 148313072.00 148374672.00 148436256.00 148497808.00 148559424.00 148621008.00 148682592.00 148744160.00 148805728.00 148867312.00 148928896.00 148990496.00 149052064.00 149113648.00 149175248.00 
150581600.00 150644768.00 150707936.00 150771152.00 150834336.00 150897488.00 150960688.00 151023856.00 151087040.00 151150224.00 151213392.00 151276592.00 151339744.00 151402928.00 151466144.00 151529312.00 151592480.00 151655648.00 151718816.00 151782032.00 151845232.00 151908368.00 151971568.00 152034736.00 152097920.00 152161104.00 152224272.00 152287472.00 152350608.00 152413808.00 152477024.00 152540192.00 152603360.00 152666528.00 152729696.00 152792912.00 152856096.00 152919248.00 152982448.00 153045616.00 
